3183
2,1367384923
3,1367388880
4,1367394496
5,1367398635
5,1367411235
3,1367418280
3,1367447680
6,1367458819
7,1367460914
7,1367462714
8,1367468678
9,1367473520
10,1367477027
3,1367477080
10,1367480628
7,1367480714
11,1367486160
12,1367486166
13,1367486400
11,1367487962
12,1367487968
13,1367488203
12,1367488206
12,1367488326
13,1367488560
14,1367488618
15,1367488742
14,1367488858
15,1367488985
13,1367490363
16,1367490475
16,1367490718
13,1367490720
13,1367491921
6,1367500759
6,1367501839
6,1367503279
3,1367506480
17,1367507716
18,1367517222
19,1367518702
17,1367520316
17,1367520352
20,1367522323
21,1367526313
21,1367527513
18,1367528439
18,1367528439
18,1367531164
22,1367533336
7,1367533814
6,1367533879
3,1367535880
7,1367537414
21,1367547013
8,1367555078
8,1367555379
17,1367559952
17,1367563552
23,1367565254
3,1367565280
9,1367567163
5,1367572935
11,1367575440
12,1367575446
11,1367576521
12,1367576888
14,1367577178
15,1367577302
14,1367577421
15,1367577785
18,1367577964
21,1367584249
19,1367591307
6,1367592739
24,1367593502
21,1367593849
25,1367594387
3,1367594680
17,1367597841
21,1367597888
21,1367598788
26,1367600919
26,1367600919
18,1367604442
27,1367610972
27,1367611244
27,1367611244
24,1367614834
28,1367617778
18,1367617790
28,1367617899
29,1367619446
14,1367620123
15,1367620125
18,1367620491
6,1367620565
30,1367621805
6,1367621825
15,1367621925
14,1367621925
30,1367622048
14,1367622283
15,1367622288
31,1367623720
14,1367623966
15,1367623966
3,1367626357
5,1367629964
6,1367632086
8,1367636256
6,1367639645
21,1367640188
6,1367640545
6,1367641445
32,1367642530
18,1367654691
9,1367655431
3,1367655757
18,1367656491
18,1367667291
18,1367667291
4,1367674450
33,1367674982
3,1367685157
3,1367714557
29,1367717546
8,1367727456
24,1367736302
24,1367742002
3,1367743957
23,1367747236
22,1367747564
17,1367765289
5,1367771264
22,1367771264
3,1367773358
24,1367798102
24,1367809210
34,1367810110
34,1367810711
34,1367811011
34,1367811311
34,1367811611
34,1367811910
34,1367812211
34,1367812511
34,1367812827
34,1367813111
34,1367813428
24,1367816702
24,1367818250
35,1367818986
24,1367819200
24,1367819226
24,1367819227
35,1367819286
24,1367820200
34,1367820200
34,1367820414
24,1367821210
24,1367821211
24,1367822711
24,1367822711
24,1367823400
24,1367849402
3,1367878663
37,1367881024
35,1367883290
35,1367883290
35,1367883296
35,1367883365
35,1367883365
35,1367883365
35,1367883365
35,1367883365
35,1367883365
35,1367883590
35,1367883590
35,1367883596
24,1367883653
35,1367883665
35,1367883665
35,1367883665
35,1367883665
35,1367883665
35,1367883665
24,1367883902
24,1367884502
38,1367884657
39,1367884684
40,1367884698
41,1367884699
38,1367884778
39,1367884806
40,1367884821
41,1367884821
3,1367884963
11,1367885002
12,1367885090
42,1367885097
43,1367885098
44,1367885107
45,1367885136
46,1367885176
47,1367885178
37,1367885292
48,1367885312
50,1367885500
43,1367885579
44,1367885591
45,1367885618
47,1367885660
11,1367886084
12,1367886292
51,1367886298
30,1367886298
34,1367886302
14,1367886513
15,1367886547
52,1367886576
24,1367886602
51,1367886779
30,1367886779
37,1367887092
34,1367887202
14,1367887474
34,1367887502
15,1367887510
52,1367887537
34,1367887802
34,1367888102
35,1367888197
35,1367888197
35,1367888197
35,1367888197
35,1367888197
34,1367888401
35,1367888497
35,1367888497
35,1367888497
35,1367888497
35,1367888497
34,1367888702
18,1367888775
34,1367889002
34,1367889302
34,1367889601
34,1367889901
34,1367890202
8,1367890292
34,1367890502
34,1367890802
34,1367891101
34,1367891402
34,1367891702
34,1367892002
4,1367892033
34,1367892301
34,1367892601
34,1367892902
34,1367893202
39,1367893204
40,1367893218
41,1367893218
39,1367893325
40,1367893340
41,1367893340
34,1367893502
34,1367893801
34,1367894102
34,1367894402
34,1367894702
34,1367895001
34,1367895301
34,1367895601
34,1367895902
34,1367896202
34,1367896501
34,1367896801
34,1367897102
34,1367897402
34,1367897703
34,1367898002
34,1367898301
34,1367898601
34,1367898902
34,1367899202
34,1367899503
34,1367899802
34,1367900101
8,1367900133
34,1367900401
34,1367900702
34,1367901002
34,1367901302
34,1367901602
53,1367901721
34,1367901901
34,1367902202
3,1367902363
34,1367902502
34,1367902801
34,1367903101
5,1367903306
34,1367903402
34,1367903702
34,1367904002
34,1367904302
34,1367904603
34,1367904901
34,1367905202
34,1367905502
34,1367905802
34,1367906104
34,1367906402
21,1367906551
34,1367906702
34,1367907002
34,1367907302
34,1367907602
34,1367907902
3,1367908063
34,1367908202
34,1367908502
34,1367908801
34,1367909104
34,1367909402
34,1367909702
34,1367910002
34,1367910302
34,1367910602
34,1367910902
34,1367911202
34,1367911501
34,1367911802
34,1367912102
34,1367912402
34,1367912702
34,1367913001
35,1367913192
35,1367913239
34,1367913328
24,1367913328
35,1367913511
24,1367913800
34,1367913801
24,1367914101
3,1367914363
54,1367914850
35,1367915017
55,1367915167
56,1367915186
57,1367915279
18,1367915775
51,1367916538
52,1367916816
12,1367916889
14,1367916993
58,1367916993
59,1367917010
51,1367917019
15,1367917027
12,1367917130
58,1367917236
59,1367917250
14,1367917476
15,1367917512
18,1367917574
18,1367917574
18,1367917574
18,1367917574
18,1367917574
18,1367917574
18,1367917574
18,1367917574
18,1367917574
18,1367917574
18,1367917574
18,1367919374
18,1367919374
18,1367919374
14,1367919393
15,1367919427
14,1367919874
15,1367919910
51,1367920618
30,1367920618
30,1367920861
51,1367920861
14,1367921073
15,1367921108
14,1367921315
15,1367921348
8,1367922992
8,1367922992
8,1367922992
8,1367922992
35,1367923475
35,1367923716
35,1367924075
35,1367924411
60,1367924482
61,1367924491
61,1367924731
8,1367924733
8,1367924733
8,1367924733
8,1367924733
8,1367924733
24,1367924899
61,1367924971
8,1367925033
60,1367925082
60,1367925082
24,1367925200
8,1367925333
8,1367925333
8,1367925333
8,1367925333
8,1367925333
8,1367925333
8,1367925633
8,1367925633
60,1367925682
52,1367925697
55,1367925727
54,1367926130
56,1367926466
8,1367926833
8,1367926892
8,1367926892
8,1367926892
8,1367926892
8,1367928333
62,1367929311
3,1367931765
18,1367935574
21,1367946451
21,1367950137
5,1367952206
53,1367954221
21,1367956136
3,1367961163
18,1367962574
6,1367962773
24,1367967906
5,1367968406
22,1367971406
6,1367975373
63,1367980987
27,1367980987
64,1367981002
65,1367981002
66,1367981016
38,1367981017
39,1367981044
40,1367981058
41,1367981058
28,1367981080
67,1367981090
68,1367981098
11,1367981122
6,1367981133
12,1367981210
14,1367981313
58,1367981313
59,1367981330
51,1367981338
30,1367981338
43,1367981338
15,1367981347
44,1367981347
69,1367981362
45,1367981377
47,1367981418
70,1367981418
71,1367981467
6,1367982033
39,1367982725
41,1367982741
40,1367982741
28,1367982762
67,1367982771
68,1367982780
63,1367982789
27,1367982789
65,1367982804
64,1367982804
38,1367982819
66,1367982819
11,1367982924
39,1367982964
40,1367982978
41,1367982978
28,1367983000
67,1367983010
12,1367983012
68,1367983018
37,1367983024
27,1367983028
63,1367983028
64,1367983042
65,1367983042
66,1367983057
38,1367983057
58,1367983114
14,1367983114
59,1367983132
30,1367983141
51,1367983141
43,1367983141
15,1367983151
44,1367983151
11,1367983162
69,1367983165
45,1367983177
70,1367983219
47,1367983219
14,1367983473
58,1367983473
59,1367983490
51,1367983498
43,1367983498
30,1367983498
15,1367983507
44,1367983507
69,1367983522
45,1367983536
47,1367983578
70,1367983578
71,1367984167
11,1367984964
12,1367985050
11,1367985202
58,1367985274
14,1367985274
59,1367985292
51,1367985301
30,1367985301
43,1367985301
15,1367985310
44,1367985310
69,1367985325
45,1367985337
47,1367985379
70,1367985379
14,1367985633
58,1367985633
59,1367985650
51,1367985658
30,1367985658
43,1367985658
15,1367985668
44,1367985668
69,1367985682
45,1367985697
47,1367985738
70,1367985738
12,1367986851
27,1367986869
63,1367986869
64,1367986884
65,1367986884
66,1367986899
38,1367986899
39,1367986926
40,1367986941
41,1367986941
28,1367986962
67,1367986971
68,1367986980
11,1367987004
63,1367987107
27,1367987107
64,1367987122
65,1367987122
66,1367987137
38,1367987137
39,1367987164
40,1367987178
41,1367987178
28,1367987200
67,1367987210
68,1367987218
11,1367987242
58,1367987435
14,1367987435
59,1367987450
30,1367987459
51,1367987459
43,1367987459
15,1367987468
44,1367987471
69,1367987483
45,1367987498
47,1367987540
70,1367987540
14,1367987793
58,1367987793
59,1367987810
51,1367987818
30,1367987818
43,1367987818
15,1367987827
44,1367987828
69,1367987842
45,1367987856
47,1367987898
70,1367987898
12,1367988890
11,1367989045
11,1367989282
14,1367989593
58,1367989593
59,1367989611
51,1367989620
30,1367989620
43,1367989620
44,1367989629
15,1367989629
69,1367989645
45,1367989659
47,1367989699
70,1367989702
39,1367989807
40,1367989819
41,1367989819
28,1367989843
67,1367989852
68,1367989868
27,1367989871
63,1367989871
64,1367989885
65,1367989885
38,1367989897
66,1367989897
14,1367989953
58,1367989953
59,1367989970
51,1367989978
30,1367989978
43,1367989978
15,1367989987
44,1367989987
69,1367990002
45,1367990017
39,1367990044
47,1367990058
70,1367990058
40,1367990058
41,1367990058
28,1367990080
67,1367990090
68,1367990098
27,1367990108
63,1367990108
64,1367990122
65,1367990122
38,1367990137
66,1367990137
12,1367990693
11,1367991084
63,1367991430
27,1367991430
64,1367991445
65,1367991445
66,1367991457
38,1367991457
39,1367991487
40,1367991499
41,1367991499
28,1367991523
67,1367991532
68,1367991538
27,1367991667
63,1367991668
64,1367991682
65,1367991682
38,1367991696
66,1367991697
39,1367991724
40,1367991738
41,1367991738
14,1367991755
58,1367991755
28,1367991760
67,1367991770
59,1367991770
68,1367991778
43,1367991779
30,1367991779
51,1367991779
44,1367991788
15,1367991788
69,1367991803
45,1367991818
47,1367991860
70,1367991860
14,1367992113
58,1367992113
59,1367992130
51,1367992138
30,1367992138
43,1367992138
15,1367992147
44,1367992147
69,1367992162
45,1367992176
47,1367992218
70,1367992218
12,1367992850
11,1367993004
18,1367993174
11,1367993242
3,1367993563
14,1367993916
58,1367993916
59,1367993932
43,1367993941
51,1367993941
30,1367993942
44,1367993955
15,1367993955
69,1367993964
45,1367993979
70,1367994021
47,1367994021
14,1367994273
58,1367994273
59,1367994290
51,1367994298
43,1367994298
30,1367994298
15,1367994307
44,1367994308
69,1367994322
45,1367994337
47,1367994378
70,1367994378
12,1367994650
11,1367995045
11,1367995282
14,1367996075
58,1367996075
59,1367996090
30,1367996099
43,1367996099
51,1367996099
15,1367996108
44,1367996108
69,1367996123
45,1367996138
47,1367996180
70,1367996180
14,1367996433
58,1367996433
59,1367996450
51,1367996458
30,1367996458
43,1367996458
15,1367996467
44,1367996467
69,1367996482
45,1367996497
47,1367996541
70,1367996541
12,1367996810
11,1367997083
11,1367997322
14,1367998236
58,1367998236
59,1367998251
51,1367998260
43,1367998260
30,1367998260
15,1367998269
44,1367998269
69,1367998284
45,1367998299
47,1367998341
70,1367998341
14,1367998593
58,1367998593
59,1367998610
12,1367998612
51,1367998618
30,1367998618
43,1367998618
15,1367998628
44,1367998628
69,1367998642
45,1367998657
47,1367998698
70,1367998698
12,1367998849
11,1367999124
11,1367999362
18,1367999474
18,1367999474
18,1368000374
18,1368000374
18,1368000374
14,1368000395
58,1368000395
59,1368000410
43,1368000419
30,1368000419
51,1368000419
44,1368000428
15,1368000428
69,1368000443
45,1368000458
47,1368000500
70,1368000500
12,1368000650
14,1368000753
58,1368000753
59,1368000770
51,1368000778
30,1368000778
43,1368000778
15,1368000787
44,1368000788
69,1368000802
45,1368000817
47,1368000858
70,1368000858
11,1368001165
6,1368001293
11,1368001402
6,1368002193
14,1368002556
58,1368002556
59,1368002571
43,1368002580
51,1368002580
30,1368002580
15,1368002589
44,1368002589
69,1368002604
45,1368002619
47,1368002661
70,1368002661
12,1368002810
14,1368002913
58,1368002913
59,1368002930
51,1368002938
43,1368002938
30,1368002938
15,1368002947
44,1368002948
69,1368002962
45,1368002977
47,1368003018
70,1368003018
6,1368003093
11,1368003204
11,1368003443
72,1368004574
72,1368004574
18,1368004875
62,1368007799
62,1368007799
62,1368007799
62,1368007799
27,1368009307
63,1368009307
65,1368009310
64,1368009310
66,1368009313
38,1368009313
39,1368009319
40,1368009322
41,1368009322
28,1368009418
12,1368009421
67,1368009421
68,1368009424
11,1368009431
14,1368009536
58,1368009536
59,1368009542
30,1368009545
51,1368009545
43,1368009545
27,1368009546
63,1368009546
44,1368009548
15,1368009548
64,1368009549
65,1368009549
69,1368009551
66,1368009552
38,1368009552
45,1368009554
39,1368009557
40,1368009559
41,1368009559
28,1368009656
12,1368009659
67,1368009659
68,1368009663
11,1368009669
66,1368009715
11,1368009715
39,1368009715
12,1368009715
40,1368009715
28,1368009715
38,1368009715
68,1368009715
65,1368009715
41,1368009715
63,1368009715
67,1368009715
27,1368009716
64,1368009716
66,1368009774
11,1368009774
39,1368009774
28,1368009775
38,1368009775
12,1368009775
65,1368009775
41,1368009775
63,1368009775
40,1368009775
67,1368009775
64,1368009775
68,1368009775
27,1368009776
6,1368009834
14,1368009834
58,1368009834
8,1368009834
12,1368009834
40,1368009835
68,1368009835
28,1368009835
66,1368009835
11,1368009835
39,1368009835
65,1368009835
41,1368009835
63,1368009835
38,1368009835
28,1368009835
67,1368009835
27,1368009836
64,1368009836
17,1368009836
62,1368009836
12,1368009836
59,1368009837
67,1368009837
51,1368009838
30,1368009838
43,1368009838
68,1368009838
15,1368009839
44,1368009839
27,1368009839
63,1368009839
11,1368009840
69,1368009840
64,1368009840
65,1368009840
45,1368009841
66,1368009841
38,1368009841
73,1368009841
39,1368009844
47,1368009846
70,1368009846
40,1368009846
41,1368009846
6,1368010191
14,1368010191
58,1368010191
8,1368010191
28,1368010192
17,1368010192
62,1368010192
12,1368010192
59,1368010192
67,1368010192
51,1368010196
30,1368010196
43,1368010196
68,1368010196
15,1368010196
44,1368010196
27,1368010197
63,1368010197
11,1368010197
69,1368010197
64,1368010197
65,1368010197
45,1368010207
66,1368010207
38,1368010207
73,1368010207
39,1368010209
47,1368010209
70,1368010209
40,1368010209
41,1368010209
8,1368010210
8,1368010210
8,1368010210
17,1368010210
68,1368010210
27,1368010210
63,1368010210
11,1368010219
64,1368010219
65,1368010219
66,1368010234
38,1368010234
39,1368010261
40,1368010274
41,1368010274
28,1368010296
67,1368010306
69,1368010339
64,1368010342
65,1368010342
45,1368010354
66,1368010357
38,1368010357
39,1368010381
47,1368010394
70,1368010394
40,1368010396
41,1368010396
28,1368010417
12,1368010426
67,1368010429
68,1368010437
63,1368010447
27,1368010447
14,1368010529
58,1368010529
59,1368010548
51,1368010554
30,1368010554
43,1368010554
15,1368010564
44,1368010564
6,1368010589
28,1368010656
62,1368010666
62,1368010666
62,1368010666
62,1368010666
66,1368010714
38,1368010714
67,1368011051
68,1368011051
27,1368011051
63,1368011051
64,1368011051
65,1368011051
73,1368011051
39,1368011051
40,1368011051
41,1368011051
8,1368012260
8,1368012260
2,1368012559
72,1368012564
72,1368012564
33,1368012980
62,1368013465
62,1368013465
72,1368014363
72,1368014363
18,1368014364
18,1368014364
18,1368014364
18,1368014364
6,1368014773
2,1368014773
14,1368014773
58,1368014773
8,1368014773
28,1368014774
17,1368014774
62,1368014774
12,1368014774
59,1368014774
67,1368014774
51,1368014778
30,1368014778
43,1368014778
68,1368014778
15,1368014779
44,1368014779
27,1368014779
63,1368014779
11,1368014779
69,1368014779
64,1368014779
65,1368014779
45,1368014783
66,1368014783
38,1368014783
73,1368014783
39,1368014784
7,1368014784
47,1368014785
70,1368014785
40,1368014785
41,1368014785
8,1368014785
8,1368014785
8,1368014785
8,1368014939
8,1368014939
8,1368014939
18,1368015263
18,1368015263
18,1368015263
18,1368015263
18,1368015263
18,1368015263
18,1368015263
18,1368015264
18,1368015264
18,1368015264
18,1368015264
17,1368015265
37,1368016185
37,1368016185
72,1368016463
72,1368016463
5,1368016488
21,1368022853
6,1368022919
6,1368024619
6,1368027051
2,1368027051
8,1368027051
21,1368027052
17,1368027052
62,1368027052
23,1368027054
3,1368027054
74,1368027054
73,1368027054
37,1368027056
22,1368027056
5,1368027056
47,1368027057
70,1368027057
6,1368027488
2,1368027488
8,1368027488
21,1368027489
17,1368027490
62,1368027490
23,1368027500
3,1368027500
74,1368027500
73,1368027500
37,1368027502
22,1368027502
5,1368027502
47,1368027502
70,1368027502
8,1368027503
8,1368027503
8,1368027503
8,1368027503
8,1368027503
8,1368027503
8,1368027503
73,1368027503
8,1368027636
8,1368027636
62,1368027653
62,1368027653
62,1368027653
62,1368027653
18,1368028338
18,1368028338
18,1368028338
74,1368028362
3,1368029201
75,1368029216
17,1368029260
76,1368030559
76,1368031759
18,1368032838
6,1368034747
2,1368034747
76,1368034747
33,1368034747
8,1368034747
21,1368034747
17,1368034748
62,1368034748
23,1368034750
3,1368034751
73,1368034751
74,1368034751
37,1368034752
22,1368034753
5,1368034753
47,1368034753
70,1368034753
6,1368035190
2,1368035190
76,1368035190
33,1368035190
8,1368035190
21,1368035190
17,1368035191
62,1368035191
23,1368035196
3,1368035244
73,1368035244
37,1368035268
22,1368035269
5,1368035269
8,1368035269
8,1368035376
62,1368035376
62,1368035376
74,1368035419
5,1368035435
6,1368035529
2,1368035529
76,1368035529
8,1368035529
21,1368035530
17,1368035531
62,1368035531
23,1368035535
3,1368035536
73,1368035536
75,1368035537
37,1368035538
22,1368035539
5,1368035539
47,1368035539
70,1368035539
2,1368035622
76,1368035622
37,1368035720
37,1368035720
22,1368036037
23,1368036875
17,1368037304
18,1368037338
74,1368039287
18,1368040038
18,1368040038
18,1368040038
18,1368040038
18,1368040038
18,1368040038
18,1368040038
18,1368040038
18,1368040038
18,1368040038
18,1368040038
18,1368040038
18,1368040038
18,1368040038
18,1368040038
18,1368040038
18,1368040038
18,1368040038
18,1368040039
18,1368040039
18,1368040039
18,1368040039
18,1368040039
18,1368040039
18,1368040039
18,1368040039
18,1368040039
18,1368040039
18,1368040039
18,1368040039
18,1368040039
18,1368040039
18,1368040039
18,1368040039
18,1368040039
18,1368040039
18,1368040039
18,1368040039
18,1368040039
18,1368040039
18,1368040039
18,1368040039
18,1368040039
18,1368040039
18,1368040039
18,1368040039
18,1368040039
18,1368040039
18,1368040039
18,1368040039
18,1368040039
18,1368040039
18,1368040039
18,1368040039
18,1368040039
18,1368040039
18,1368040039
18,1368040039
18,1368040039
18,1368040039
18,1368040039
18,1368040039
18,1368040039
18,1368040039
18,1368040039
18,1368040039
18,1368040039
18,1368040039
18,1368040039
18,1368040039
18,1368040039
18,1368040039
18,1368040039
18,1368040039
18,1368040039
18,1368040039
18,1368040039
18,1368040039
18,1368040039
18,1368040040
18,1368040040
18,1368040040
18,1368040040
18,1368040040
18,1368040040
18,1368040040
18,1368040040
18,1368040040
18,1368040040
18,1368040040
18,1368040040
18,1368040040
18,1368040040
18,1368040040
18,1368040040
18,1368040040
18,1368040040
18,1368040040
18,1368040040
18,1368040040
18,1368040040
18,1368040040
18,1368040040
18,1368040040
18,1368040040
18,1368040040
18,1368040040
18,1368040040
18,1368040040
18,1368040040
18,1368040040
18,1368040040
18,1368040040
18,1368040040
18,1368040040
18,1368040040
18,1368040040
18,1368040040
18,1368040040
18,1368040040
18,1368040040
18,1368040040
18,1368040040
18,1368040040
18,1368040040
18,1368040040
18,1368040040
18,1368040040
18,1368040040
18,1368040040
18,1368040040
18,1368040040
18,1368040040
18,1368040040
18,1368040040
18,1368040040
18,1368040041
18,1368040041
18,1368040041
18,1368040041
18,1368040041
18,1368040041
18,1368040041
18,1368040041
18,1368040041
18,1368040041
18,1368040041
18,1368040041
18,1368040041
18,1368040041
18,1368040041
18,1368040041
18,1368040041
18,1368040041
18,1368040041
18,1368040041
18,1368040041
18,1368040041
18,1368040041
18,1368040041
18,1368040041
18,1368040041
6,1368040483
2,1368040483
76,1368040483
33,1368040483
8,1368040483
21,1368040484
17,1368040485
62,1368040485
23,1368040494
3,1368040495
73,1368040495
37,1368040497
7,1368040498
22,1368040498
5,1368040498
17,1368040507
3,1368040671
73,1368041678
72,1368043338
72,1368043338
72,1368044652
72,1368044653
8,1368044679
8,1368044679
8,1368044679
8,1368044679
8,1368044679
8,1368044679
8,1368044679
8,1368044679
8,1368044679
8,1368044679
62,1368044683
62,1368044683
62,1368044683
62,1368044683
62,1368044683
62,1368044683
17,1368045391
73,1368045707
3,1368045933
37,1368045962
37,1368045962
2,1368046166
77,1368046166
62,1368046183
5,1368046276
74,1368046353
22,1368046576
2,1368049968
77,1368049968
8,1368049968
17,1368049970
62,1368049970
3,1368049973
74,1368049973
73,1368049973
37,1368049975
22,1368049976
5,1368049976
18,1368050353
18,1368050353
2,1368050760
77,1368050760
8,1368050760
17,1368050762
62,1368050762
3,1368050764
37,1368050812
22,1368050813
5,1368050813
8,1368050813
8,1368050813
8,1368050813
8,1368050813
8,1368050813
8,1368050813
73,1368050838
28,1368050962
67,1368050962
68,1368050962
27,1368050963
63,1368050963
64,1368050963
65,1368050963
66,1368050963
38,1368050963
66,1368050997
68,1368050997
28,1368050997
38,1368050997
65,1368050998
63,1368050998
27,1368050998
67,1368050998
64,1368050998
39,1368051065
40,1368051065
41,1368051065
39,1368051178
40,1368051178
41,1368051179
8,1368051249
8,1368051250
8,1368051250
33,1368051259
73,1368051439
2,1368051549
77,1368051549
8,1368051550
8,1368051550
8,1368051550
62,1368051565
62,1368051565
62,1368051565
37,1368051635
37,1368051635
22,1368051650
5,1368051650
72,1368052452
23,1368052496
17,1368052555
17,1368052555
72,1368054552
18,1368054862
18,1368054862
72,1368056035
18,1368056662
18,1368056662
18,1368056663
18,1368056663
18,1368056663
18,1368056663
18,1368056664
18,1368056664
18,1368056664
18,1368056664
18,1368058162
18,1368058162
18,1368058162
18,1368058163
18,1368058163
18,1368058163
18,1368058164
18,1368058164
18,1368058164
18,1368058164
18,1368058164
18,1368058164
18,1368058222
18,1368058222
18,1368058222
18,1368058223
18,1368058223
18,1368058223
18,1368058223
18,1368058223
18,1368058224
18,1368058224
18,1368058224
18,1368058224
18,1368058224
24,1368058876
8,1368061351
3,1368061352
2,1368061371
77,1368061371
33,1368061371
8,1368061372
28,1368061372
17,1368061373
62,1368061373
67,1368061373
68,1368061374
27,1368061375
63,1368061375
28,1368061378
68,1368061382
27,1368061385
64,1368061385
65,1368061386
66,1368061389
64,1368061389
65,1368061389
23,1368061389
3,1368061392
66,1368061392
38,1368061392
38,1368061392
74,1368061392
73,1368061392
37,1368061392
39,1368061392
7,1368061392
22,1368061392
5,1368061392
40,1368061393
41,1368061393
8,1368061393
8,1368061393
8,1368061393
33,1368061393
17,1368061393
62,1368061393
62,1368061393
62,1368061396
62,1368061396
8,1368061401
22,1368061401
74,1368061401
8,1368061401
8,1368061401
66,1368061435
38,1368061435
28,1368061435
68,1368061435
65,1368061435
64,1368061435
27,1368061436
2,1368061453
77,1368061453
8,1368061454
33,1368061454
28,1368061454
17,1368061456
62,1368061456
67,1368061456
68,1368061456
27,1368061459
63,1368061459
23,1368061460
64,1368061460
65,1368061460
3,1368061463
66,1368061463
38,1368061463
73,1368061463
37,1368061466
39,1368061467
7,1368061467
22,1368061467
5,1368061467
40,1368061467
41,1368061467
2,1368061506
77,1368061506
33,1368061506
27,1368061631
63,1368061631
64,1368061632
65,1368061632
23,1368061632
3,1368061633
66,1368061633
38,1368061633
74,1368061633
73,1368061633
37,1368061635
39,1368061635
7,1368061636
22,1368061636
5,1368061636
40,1368061636
41,1368061636
72,1368062527
72,1368062527
18,1368064643
18,1368064643
18,1368064643
18,1368064644
18,1368064644
18,1368064644
18,1368064644
18,1368064644
18,1368064645
18,1368064645
18,1368064645
18,1368064645
18,1368064645
18,1368064646
18,1368064646
72,1368065827
72,1368066427
72,1368067627
18,1368068228
18,1368068228
18,1368068228
18,1368068228
18,1368068228
18,1368068228
18,1368068228
18,1368068228
18,1368068228
18,1368068228
18,1368068228
18,1368068228
18,1368068228
24,1368069034
18,1368069127
18,1368069127
18,1368069127
18,1368069127
18,1368069127
18,1368069127
18,1368069127
18,1368069127
18,1368069127
18,1368069127
18,1368069127
18,1368069127
18,1368069127
18,1368069127
18,1368069127
18,1368069127
18,1368069127
18,1368069127
18,1368069127
18,1368069127
18,1368069127
35,1368069238
35,1368069238
35,1368069238
18,1368070942
18,1368070942
18,1368070942
18,1368070943
18,1368070943
18,1368070943
18,1368070943
18,1368070943
18,1368070944
18,1368070944
18,1368070944
18,1368070944
18,1368070944
18,1368070944
18,1368070945
18,1368070945
18,1368070945
18,1368070946
18,1368070946
18,1368070946
18,1368070947
18,1368070947
24,1368072034
33,1368080888
33,1368081200
33,1368081745
8,1368081972
8,1368081972
8,1368081972
8,1368081972
8,1368081972
8,1368081972
8,1368081972
8,1368081972
8,1368081972
8,1368081972
62,1368081986
62,1368081986
62,1368081986
62,1368081986
62,1368081986
62,1368081986
3,1368081986
37,1368081986
37,1368081986
73,1368082079
28,1368082158
67,1368082172
68,1368082185
8,1368082188
8,1368082188
63,1368082189
64,1368082194
65,1368082194
66,1368082198
38,1368082198
40,1368082219
28,1368082277
28,1368082283
67,1368082295
68,1368082304
73,1368082307
63,1368082307
68,1368082314
63,1368082315
65,1368082316
64,1368082317
66,1368082319
38,1368082319
40,1368082341
68,1368082344
64,1368082344
40,1368082344
66,1368082344
38,1368082344
63,1368082344
65,1368082344
68,1368082362
65,1368082362
63,1368082362
38,1368082362
64,1368082362
66,1368082362
68,1368082374
66,1368082375
38,1368082375
63,1368082375
65,1368082375
64,1368082376
68,1368082404
66,1368082404
64,1368082404
65,1368082404
38,1368082404
63,1368082404
68,1368082422
65,1368082422
38,1368082422
63,1368082422
66,1368082422
64,1368082422
38,1368082434
64,1368082434
66,1368082435
65,1368082436
66,1368082464
64,1368082464
65,1368082464
38,1368082464
2,1368082487
77,1368082487
17,1368082492
62,1368082504
64,1368082554
22,1368082594
5,1368082594
2,1368082660
77,1368082660
33,1368082660
8,1368082660
28,1368082661
62,1368082662
67,1368082662
17,1368082662
68,1368082662
63,1368082663
64,1368082664
65,1368082664
3,1368082664
66,1368082665
38,1368082665
73,1368082665
37,1368082667
22,1368082669
5,1368082669
40,1368082669
2,1368083582
77,1368083582
33,1368083582
8,1368083582
28,1368083582
17,1368083583
62,1368083583
67,1368083583
68,1368083586
63,1368083587
64,1368083790
65,1368083790
3,1368083791
66,1368083791
38,1368083791
73,1368083791
37,1368083914
22,1368083915
5,1368083915
40,1368083915
8,1368083916
8,1368083916
8,1368083916
8,1368083916
8,1368083916
8,1368083916
8,1368083916
8,1368083916
8,1368083916
8,1368083916
8,1368083931
8,1368083931
62,1368083931
62,1368083931
62,1368083931
62,1368083931
62,1368083931
62,1368083931
3,1368083933
37,1368083934
37,1368083934
2,1368083976
77,1368083976
62,1368083997
22,1368084098
5,1368084098
74,1368084173
33,1368085056
17,1368085338
73,1368085972
17,1368087138
64,1368087757
64,1368087877
37,1368090683
26,1368091598
26,1368091598
18,1368092527
23,1368096037
26,1368098078
26,1368098078
18,1368100627
6,1368104617
6,1368107676
6,1368108017
2,1368108017
77,1368108017
33,1368108017
8,1368108017
17,1368108018
62,1368108018
6,1368109462
2,1368109462
77,1368109463
33,1368109463
8,1368109463
28,1368109463
17,1368109464
62,1368109464
67,1368109464
68,1368109464
63,1368109465
64,1368109466
65,1368109466
23,1368109466
3,1368109466
66,1368109466
38,1368109466
74,1368109466
73,1368109466
37,1368109468
7,1368109469
26,1368109469
22,1368109469
5,1368109469
40,1368109469
6,1368113076
3,1368113153
17,1368114138
6,1368115776
6,1368116856
6,1368120456
3,1368120953
74,1368128333
6,1368128781
3,1368129653
23,1368130237
3,1368130553
6,1368130716
78,1368131143
17,1368131260
7,1368131284
22,1368131368
5,1368131371
31,1368131431
79,1368131431
8,1368131443
8,1368131564
6,1368131564
2,1368131564
77,1368131564
62,1368131565
17,1368131565
23,1368131566
3,1368131567
37,1368131567
7,1368131568
22,1368131568
5,1368131568
6,1368131796
8,1368132003
6,1368132066
2,1368132066
77,1368132066
8,1368132066
17,1368132066
62,1368132066
23,1368132068
3,1368132068
37,1368132069
7,1368132090
22,1368132090
5,1368132090
17,1368132297
78,1368132472
23,1368132491
23,1368132515
6,1368132516
7,1368132581
6,1368132696
8,1368132759
8,1368132759
78,1368132832
22,1368133137
5,1368133137
62,1368133342
62,1368133342
37,1368133342
37,1368133342
3,1368133372
77,1368133641
62,1368133641
2,1368133941
8,1368133959
22,1368134037
5,1368134037
7,1368135006
7,1368135906
8,1368136359
78,1368136432
7,1368136598
17,1368137661
17,1368139338
21,1368146234
18,1368146527
17,1368146538
6,1368146916
6,1368149436
21,1368152834
26,1368156081
26,1368156081
4,1368156318
18,1368158227
24,1368163834
24,1368163865
24,1368163895
24,1368163926
24,1368163957
24,1368163987
24,1368164111
24,1368164410
24,1368164419
24,1368164429
21,1368166334
2,1368166776
73,1368168172
24,1368172202
24,1368172801
24,1368174602
17,1368175461
17,1368175461
24,1368175802
24,1368177302
24,1368179402
24,1368180902
24,1368181502
26,1368182001
26,1368182001
24,1368183002
18,1368184327
24,1368185101
24,1368186302
24,1368188102
80,1368188362
24,1368189634
24,1368190202
24,1368190803
24,1368190835
24,1368191702
3,1368192171
24,1368192602
24,1368193502
24,1368194702
24,1368196201
24,1368196802
24,1368197402
24,1368198001
24,1368198334
24,1368198365
6,1368202176
21,1368202334
17,1368202338
24,1368203464
6,1368203616
81,1368204763
24,1368205535
24,1368205802
24,1368208565
18,1368211327
18,1368211327
24,1368212411
24,1368212434
24,1368213335
6,1368214089
2,1368214090
77,1368214090
33,1368214090
8,1368214090
21,1368214091
28,1368214091
17,1368214092
62,1368214092
67,1368214092
4,1368214092
68,1368214093
63,1368214094
81,1368214094
64,1368214096
65,1368214096
23,1368214096
3,1368214097
66,1368214097
38,1368214097
74,1368214097
73,1368214097
80,1368214097
37,1368214100
7,1368214101
26,1368214101
22,1368214101
5,1368214101
40,1368214101
8,1368214490
8,1368214490
62,1368214642
62,1368214642
62,1368214642
62,1368214642
8,1368214659
8,1368214659
8,1368214659
8,1368214659
8,1368214659
8,1368214659
6,1368214690
2,1368214690
77,1368214690
8,1368214690
21,1368214691
28,1368214691
17,1368214693
62,1368214693
67,1368214693
4,1368214693
68,1368214694
63,1368214695
81,1368214695
64,1368214701
65,1368214701
3,1368214702
66,1368214702
38,1368214702
74,1368214702
73,1368214702
80,1368214702
37,1368214704
7,1368214705
22,1368214705
5,1368214705
40,1368214705
73,1368214722
2,1368214941
8,1368215091
8,1368215091
8,1368215091
8,1368215091
8,1368215091
8,1368215091
62,1368215409
62,1368215409
62,1368215409
62,1368215409
7,1368215509
8,1368215991
8,1368215991
26,1368216021
26,1368216021
31,1368216136
31,1368216136
79,1368216137
79,1368216137
17,1368216452
17,1368216452
18,1368217627
7,1368218706
6,1368218793
2,1368218793
77,1368218793
8,1368218793
33,1368218793
21,1368218794
28,1368218794
17,1368218795
62,1368218795
67,1368218795
4,1368218795
68,1368218796
81,1368218797
63,1368218797
23,1368218798
64,1368218798
65,1368218798
80,1368218799
3,1368218799
73,1368218799
66,1368218799
38,1368218799
74,1368218799
37,1368218801
7,1368218802
22,1368218802
5,1368218802
26,1368218802
40,1368218802
6,1368219284
2,1368219284
77,1368219284
33,1368219284
8,1368219284
21,1368219285
17,1368219289
62,1368219289
4,1368219289
81,1368219290
23,1368219312
3,1368219313
73,1368219313
80,1368219313
37,1368219314
7,1368219315
26,1368219315
22,1368219315
5,1368219315
8,1368219315
8,1368219402
8,1368219402
8,1368219402
8,1368219402
62,1368219425
62,1368219425
3,1368219456
37,1368219486
37,1368219486
31,1368219525
31,1368219525
79,1368219525
79,1368219525
6,1368219660
2,1368219660
77,1368219660
8,1368219660
21,1368219661
28,1368219661
17,1368219661
62,1368219661
67,1368219662
68,1368219663
63,1368219664
81,1368219664
64,1368219665
65,1368219665
2,1368219687
77,1368219687
8,1368219687
62,1368219706
62,1368219706
62,1368219706
62,1368219706
62,1368219706
3,1368219715
66,1368219715
38,1368219715
74,1368219715
73,1368219715
80,1368219715
37,1368219719
7,1368219722
22,1368219722
5,1368219722
40,1368219722
22,1368219804
5,1368219804
73,1368219878
21,1368220228
18,1368220327
18,1368220327
8,1368220390
8,1368220390
8,1368220390
23,1368220618
62,1368220706
62,1368220706
62,1368220706
62,1368220706
23,1368220940
7,1368221001
17,1368221043
17,1368221043
82,1368221137
31,1368221421
31,1368221421
79,1368221421
79,1368221421
17,1368221437
17,1368221437
24,1368222065
83,1368222272
83,1368222272
84,1368222300
84,1368222300
17,1368222843
4,1368223484
24,1368224164
17,1368225036
8,1368229990
2,1368234378
8,1368235090
23,1368235340
20,1368237378
9,1368244459
9,1368244850
80,1368246257
68,1368247356
68,1368247597
68,1368248678
3,1368248856
68,1368249878
38,1368250037
67,1368250107
68,1368250116
38,1368250158
68,1368250236
40,1368250319
67,1368250347
40,1368250441
14,1368250690
51,1368250716
30,1368250716
15,1368250726
14,1368252490
51,1368252517
30,1368252517
15,1368252538
14,1368252850
15,1368252886
14,1368254651
15,1368254693
14,1368255010
15,1368255046
14,1368255252
15,1368255289
18,1368258127
18,1368258127
4,1368259367
4,1368260204
8,1368260290
9,1368261050
18,1368264427
2,1368264978
20,1368267378
25,1368273832
37,1368274086
17,1368276843
3,1368278256
26,1368279141
26,1368279141
26,1368279141
85,1368280340
18,1368281527
86,1368281586
17,1368285843
26,1368287241
26,1368287241
26,1368287241
18,1368288727
86,1368289086
75,1368289472
37,1368291186
18,1368292327
18,1368292327
18,1368292327
26,1368296961
26,1368296961
26,1368296961
18,1368298627
21,1368301228
87,1368301278
18,1368301327
87,1368301578
18,1368302227
18,1368304927
18,1368304927
26,1368305061
26,1368305061
26,1368305061
18,1368306727
3,1368307356
87,1368316878
33,1368318198
3,1368336456
24,1368339302
24,1368341402
24,1368345902
18,1368348127
18,1368349027
18,1368350827
18,1368350827
17,1368351036
87,1368365778
3,1368365856
2,1368367878
20,1368380478
2,1368390378
22,1368393801
5,1368393801
3,1368395256
18,1368397627
18,1368397627
24,1368404102
64,1368413221
64,1368413343
51,1368414636
30,1368414636
51,1368415597
30,1368415597
3,1368424656
2,1368440778
18,1368444427
18,1368444427
3,1368454056
85,1368456740
26,1368457342
26,1368457342
26,1368457342
21,1368458428
17,1368458643
38,1368458957
38,1368459078
17,1368460443
87,1368461478
18,1368462427
7,1368467999
87,1368468078
87,1368469278
8,1368469990
8,1368469990
82,1368470339
82,1368470382
6,1368471438
82,1368471540
82,1368471748
7,1368472102
84,1368472463
88,1368472538
88,1368472538
82,1368474802
82,1368475257
83,1368475881
89,1368481914
7,1368482926
21,1368482959
3,1368483155
21,1368484158
7,1368485602
82,1368487175
87,1368487278
87,1368487278
17,1368491052
18,1368491227
18,1368491227
23,1368492740
17,1368492850
17,1368492850
6,1368493809
17,1368494648
17,1368496446
87,1368497482
87,1368497482
87,1368497483
23,1368497486
23,1368497487
23,1368497488
17,1368498245
17,1368500043
17,1368503643
17,1368503643
17,1368505444
14,1368505809
12,1368505826
51,1368505836
30,1368505836
12,1368505947
15,1368506086
51,1368506558
30,1368506558
14,1368507012
15,1368507048
17,1368507243
17,1368510843
3,1368512556
17,1368514443
17,1368518043
29,1368518910
17,1368521643
17,1368523443
17,1368525243
17,1368528843
18,1368530827
18,1368530827
17,1368532443
17,1368536043
18,1368538027
18,1368538027
52,1368539957
52,1368540198
2,1368540678
6,1368540765
8,1368540978
8,1368540978
8,1368540978
8,1368540978
60,1368541064
60,1368541065
60,1368541065
3,1368541662
8,1368542478
8,1368542478
8,1368542478
8,1368542478
60,1368542560
60,1368542560
60,1368542560
8,1368543190
8,1368543190
8,1368543190
67,1368544826
68,1368544836
27,1368544846
65,1368544861
67,1368544956
68,1368544956
27,1368544968
65,1368544983
14,1368545410
15,1368545446
29,1368545902
39,1368546345
41,1368546359
28,1368546376
63,1368546406
64,1368546451
26,1368546451
66,1368546451
26,1368546451
26,1368546451
39,1368546466
41,1368546481
28,1368546499
63,1368546529
64,1368546544
66,1368546559
51,1368546636
30,1368546636
14,1368547221
15,1368547248
51,1368547356
30,1368547356
14,1368547570
15,1368547606
2,1368547878
14,1368548051
15,1368548087
37,1368558186
74,1368561317
52,1368562824
34,1368564901
22,1368567801
5,1368567801
3,1368571056
9,1368582859
27,1368585046
27,1368585168
27,1368586366
65,1368586381
40,1368586439
65,1368586504
40,1368586561
14,1368586690
15,1368586726
27,1368586726
52,1368587304
52,1368587545
14,1368588492
15,1368588532
14,1368588850
15,1368588886
14,1368590652
15,1368590694
52,1368592824
52,1368593305
23,1368593540
27,1368596566
63,1368596566
64,1368596581
65,1368596581
66,1368596597
38,1368596597
39,1368596625
40,1368596639
41,1368596639
28,1368596656
67,1368596666
68,1368596796
68,1368596918
68,1368596933
68,1368596963
68,1368596975
68,1368596993
40,1368597002
28,1368597017
40,1368597023
68,1368597023
28,1368597023
40,1368597035
68,1368597035
63,1368597047
27,1368597047
40,1368597053
63,1368597053
27,1368597053
64,1368597062
65,1368597062
66,1368597080
38,1368597080
40,1368597083
66,1368597083
38,1368597083
27,1368597083
63,1368597083
65,1368597083
64,1368597083
40,1368597095
63,1368597095
27,1368597095
39,1368597107
40,1368597113
39,1368597113
63,1368597114
27,1368597114
41,1368597119
40,1368597143
63,1368597143
41,1368597143
39,1368597143
27,1368597143
67,1368597149
40,1368597155
41,1368597155
63,1368597155
27,1368597155
39,1368597155
39,1368597173
41,1368597174
39,1368597203
41,1368597203
39,1368597215
41,1368597215
41,1368597234
41,1368597263
41,1368597275
66,1368598013
38,1368598013
28,1368598013
67,1368598013
65,1368598013
64,1368598013
66,1368598054
28,1368598054
65,1368598054
38,1368598054
64,1368598054
67,1368598054
87,1368600531
6,1368600862
87,1368600862
20,1368600862
2,1368600862
77,1368600862
33,1368600862
8,1368600862
21,1368600862
17,1368600863
62,1368600863
4,1368600863
89,1368600865
9,1368600865
81,1368600865
85,1368600869
60,1368600869
23,1368600870
8,1368600870
3,1368600873
73,1368600873
80,1368600873
25,1368600873
86,1368600875
37,1368600875
7,1368600876
26,1368600876
22,1368600876
5,1368600876
29,1368600876
23,1368600887
29,1368600912
78,1368600917
78,1368600917
78,1368600917
31,1368600921
79,1368600921
33,1368600922
29,1368600922
85,1368600959
26,1368600977
8,1368601090
37,1368601185
37,1368601185
37,1368601185
7,1368601199
22,1368601199
90,1368601245
91,1368601245
73,1368601255
2,1368601390
77,1368601390
8,1368601390
78,1368601401
78,1368601401
78,1368601401
62,1368601407
62,1368601407
62,1368601407
62,1368601407
31,1368601411
79,1368601411
60,1368601442
60,1368601443
3,1368601457
24,1368601511
34,1368601512
8,1368601572
29,1368601689
7,1368601690
53,1368601716
37,1368601785
90,1368601785
91,1368601785
62,1368601891
62,1368601891
62,1368601891
3,1368601944
37,1368601974
37,1368601974
8,1368602472
22,1368602589
26,1368602597
26,1368602597
26,1368602597
2,1368602772
77,1368602772
62,1368602791
53,1368602800
5,1368604499
4,1368604844
26,1368605837
26,1368605837
26,1368605837
53,1368607600
6,1368607748
87,1368607748
20,1368607748
2,1368607748
77,1368607748
33,1368607748
8,1368607748
21,1368607749
17,1368607750
62,1368607750
4,1368607750
89,1368607751
9,1368607751
53,1368607751
81,1368607751
85,1368607752
60,1368607752
23,1368607752
3,1368607753
73,1368607753
80,1368607753
25,1368607754
86,1368607754
37,1368607754
7,1368607755
26,1368607755
22,1368607755
5,1368607755
29,1368607755
6,1368608151
87,1368608151
20,1368608151
2,1368608151
77,1368608151
33,1368608151
8,1368608151
21,1368608152
17,1368608152
62,1368608152
89,1368608154
9,1368608154
53,1368608154
81,1368608155
85,1368608156
60,1368608156
23,1368608156
3,1368608162
73,1368608162
80,1368608162
25,1368608163
86,1368608163
37,1368608163
7,1368608164
26,1368608164
22,1368608164
5,1368608164
29,1368608164
2,1368608290
77,1368608290
62,1368608306
62,1368608306
62,1368608306
3,1368608364
37,1368608385
37,1368608385
22,1368608399
17,1368608436
78,1368608727
78,1368608907
29,1368609006
31,1368609020
79,1368609020
91,1368609144
92,1368609165
8,1368609200
62,1368609217
62,1368609217
37,1368609291
37,1368609291
17,1368609930
2,1368610100
77,1368610100
62,1368610117
22,1368610206
26,1368610697
26,1368610697
26,1368610697
7,1368611099
52,1368611544
52,1368611785
26,1368612966
26,1368612966
26,1368612966
17,1368613836
27,1368614086
27,1368614207
17,1368620730
7,1368629099
6,1368630187
87,1368630187
20,1368630187
2,1368630187
77,1368630187
33,1368630187
8,1368630187
21,1368630190
17,1368630190
62,1368630190
89,1368630193
9,1368630193
53,1368630193
81,1368630194
85,1368630197
60,1368630197
23,1368630197
3,1368630201
73,1368630201
80,1368630201
25,1368630204
86,1368630207
37,1368630207
7,1368630208
26,1368630208
22,1368630208
5,1368630211
29,1368630211
8,1368630490
6,1368630636
87,1368630636
20,1368630636
2,1368630636
77,1368630636
33,1368630636
8,1368630636
21,1368630637
17,1368630638
62,1368630638
89,1368630641
9,1368630641
53,1368630641
81,1368630642
85,1368630648
60,1368630648
23,1368630648
3,1368630649
73,1368630649
80,1368630649
25,1368630649
86,1368630650
37,1368630650
7,1368630651
26,1368630651
22,1368630651
5,1368630651
29,1368630651
3,1368630857
83,1368630901
84,1368630951
78,1368631122
78,1368631122
20,1368631127
2,1368631127
77,1368631127
8,1368631127
62,1368631128
81,1368631133
80,1368631133
3,1368631134
25,1368631134
86,1368631134
37,1368631135
29,1368631241
78,1368631308
62,1368631428
62,1368631428
37,1368631435
37,1368631435
8,1368631437
3,1368631443
93,1368631518
91,1368631522
94,1368631522
95,1368631522
96,1368631757
17,1368631837
6,1368631913
20,1368631913
2,1368631913
77,1368631913
14,1368631913
8,1368631913
87,1368631913
33,1368631913
21,1368631914
28,1368631914
17,1368631915
62,1368631915
12,1368631915
67,1368631915
4,1368631915
89,1368631916
9,1368631916
53,1368631916
51,1368631916
30,1368631916
68,1368631916
15,1368631917
27,1368631917
63,1368631917
81,1368631917
64,1368631918
65,1368631918
60,1368631918
85,1368631918
23,1368631918
96,1368631919
3,1368631919
66,1368631919
38,1368631919
74,1368631919
73,1368631919
80,1368631919
52,1368631919
75,1368631920
25,1368631920
86,1368631921
37,1368631921
39,1368631921
7,1368631922
22,1368631922
5,1368631922
40,1368631922
41,1368631922
26,1368631922
29,1368631922
35,1368631932
8,1368632080
8,1368632080
73,1368632218
75,1368632218
4,1368632231
53,1368632231
35,1368632232
73,1368632239
7,1368632241
22,1368632242
5,1368632242
73,1368632247
62,1368632328
62,1368632328
62,1368632328
62,1368632328
8,1368632337
8,1368632337
8,1368632337
18,1368632527
18,1368632527
18,1368632527
18,1368632527
18,1368632527
18,1368632527
18,1368632527
18,1368632527
18,1368632527
18,1368632527
22,1368632544
6,1368632610
87,1368632610
20,1368632610
2,1368632610
77,1368632610
33,1368632610
14,1368632610
8,1368632610
21,1368632611
28,1368632611
17,1368632613
62,1368632613
12,1368632613
67,1368632613
4,1368632613
89,1368632614
9,1368632614
53,1368632614
51,1368632614
30,1368632614
68,1368632614
15,1368632622
27,1368632622
63,1368632622
81,1368632622
64,1368632623
65,1368632623
85,1368632623
60,1368632623
23,1368632623
52,1368632624
96,1368632624
3,1368632624
66,1368632624
38,1368632624
74,1368632624
73,1368632624
80,1368632624
75,1368632626
25,1368632626
86,1368632626
37,1368632627
39,1368632627
7,1368632628
26,1368632628
22,1368632628
5,1368632628
40,1368632628
41,1368632628
29,1368632628
17,1368632634
96,1368632648
21,1368632847
8,1368632848
8,1368632848
8,1368632848
8,1368632855
3,1368632856
8,1368632856
8,1368632856
62,1368633331
62,1368633331
62,1368633331
62,1368633331
8,1368633756
26,1368633842
26,1368633842
26,1368633842
31,1368633936
31,1368633936
79,1368633936
79,1368633936
17,1368634009
18,1368635227
21,1368635547
97,1368636999
97,1368636999
18,1368642427
18,1368642427
18,1368642427
77,1368643427
62,1368643428
21,1368645618
98,1368646079
17,1368646609
35,1368646932
35,1368647534
18,1368647827
17,1368648409
18,1368648727
18,1368648727
18,1368648727
18,1368648727
18,1368649627
21,1368657447
35,1368658340
98,1368658439
35,1368658507
35,1368659252
3,1368660843
35,1368661364
18,1368662227
71,1368662332
62,1368663228
77,1368663527
37,1368664736
75,1368674564
77,1368674627
62,1368674628
67,1368675216
67,1368675338
75,1368675764
99,1368676191
